1
12387
56
7949
20
1371
81
0653
58
9159
48
5074
35
6789
89
7003
82
4612
74
9139
18
2367
86
0354
71
3396
51
84
31
0955
2
48347
10
0489
37
0808
15
584
17
424
98
864
45
1235
12
7892
1
46226
1
88223
38
4101
53
6346
57
5473
60
5746
61
1094
17
4572
66
6415
45
6281
35
8601
6
64687
61
1608
78
5485
80
458
52
4684
30
8931
87
7213
72
9409
95
6342
92
6461
54
396
15
0915
46
746
24
2975
86
3617
21
7505
78
186
84
5217
99
6828
99
9698
61
5384
39
8513
27
3551
30
4308
84
1743
3
3506
38
2107
10
1697
68
0434
6
56529
1
87014
91
9602
28
3128
28
0168
59
2029
69
4271
83
9235
72
9228
49
009
21
3305
74
6299
47
3775
46
3381
94
9665
74
6994
11
7197
60
3057
39
1383
73
7658
61
2877
57
6681
36
7726
16
0039
23
2853
43
0902
80
4852
52
1935
99
009
75
4033
35
2105
17
7291
66
0735
49
6978
7
29041
70
2761
50
9759
15
6021
95
0088
15
016
90
6067
69
5963
31
0018
43
2292
7
96719
96
6947
68
6355
16
1701
87
8482
82
3464
58
6229
19
9438
18
6113
81
9022
48
0512
16
3997
50
8882